96 -432 612
96 -432 612
96 -432 612
96 -432 612
96 -432 612
96 -432 612
96 -435 612
92 -435 613
92 -430 613
92 -430 611
91 -430 611
91 -435 610
95 -435 610
95 -436 610
95 -436 608
91 -428 608
91 -428 614
96 -428 614
96 -433 614
100 -433 614
100 -431 614
100 -431 613
99 -430 613
99 -430 614
103 -430 614
103 -434 614
103 -434 614
103 -426 614
103 -426 614
103 -428 614
109 -428 615
109 -432 615
109 -432 615
109 -430 615
109 -430 615
113 -430 615
113 -431 617
122 -431 617
122 -426 617
121 -426 610
121 -418 610
129 -418 613
129 -422 613
129 -422 614
135 -411 614
135 -411 617
135 -411 617
135 -413 616
144 -413 616
144 -409 616
148 -409 616
148 -410 616
149 -410 613
149 -411 613
149 -411 612
157 -409 612
157 -409 612
160 -409 612
160 -404 616
164 -404 616
164 -405 616
170 -405 612
170 -401 612
170 -401 611
170 -396 611
170 -396 612
172 -400 612
172 -400 618
178 -400 618
178 -393 617
173 -393 617
173 -390 617
177 -390 612
177 -389 612
181 -389 616
181 -391 616
181 -391 612
177 -387 612
177 -387 618
188 -387 618
188 -390 620
187 -390 620
187 -382 620
191 -382 617
191 -386 617
191 -386 613
199 -379 613
199 -379 619
203 -376 619
203 -376 616
203 -376 616
203 -371 619
214 -371 619
214 -373 619
209 -373 615
209 -368 615
209 -368 615
213 -366 615
213 -366 623
220 -364 623
220 -364 618
218 -364 618
218 -358 616
223 -358 616
223 -362 616
230 -362 615
230 -359 615
230 -359 614
227 -351 614
227 -351 621
235 -352 621
235 -352 617
238 -352 617
238 -351 620
234 -351 620
234 -345 620
243 -345 618
243 -346 618
243 -346 620
246 -338 620
246 -338 616
245 -335 616
245 -335 613
252 -335 613
252 -337 613
259 -337 613
259 -331 613
258 -331 621
258 -327 621
258 -327 617
268 -325 617
268 -325 616
274 -320 616
274 -320 616
275 -320 616
275 -314 621
286 -314 621
286 -312 621
285 -312 613
285 -308 613
285 -308 612
280 -308 612
280 -308 614
286 -307 614
286 -307 620
285 -307 620
285 -307 617
281 -307 617
281 -302 617
287 -302 618
287 -307 618
287 -307 612
280 -302 612
280 -302 612
283 -304 612
283 -304 614
287 -304 614
287 -305 617
282 -305 617
282 -302 617
288 -302 617
288 -303 617
288 -303 619
289 -297 619
289 -297 617
286 -296 617
286 -296 618
292 -296 618
292 -295 615
290 -295 615
290 -284 615
291 -284 617
291 -284 617
291 -284 620
301 -278 620
301 -278 617
303 -266 617
303 -266 618
310 -266 618
310 -267 615
318 -267 615
318 -257 615
316 -257 622
316 -251 622
316 -251 619
326 -251 619
326 -251 620
325 -251 620
325 -242 616
323 -242 616
323 -237 616
331 -237 616
331 -240 616
329 -240 615
329 -234 615
329 -234 612
329 -229 612
329 -229 614
336 -229 614
336 -232 616
334 -232 616
334 -226 611
338 -226 611
338 -221 611
342 -221 616
342 -223 616
342 -223 615
337 -213 615
337 -213 616
337 -213 616
337 -219 619
342 -219 619
342 -215 616
335 -215 616
335 -211 616
337 -211 616
337 -210 616
337 -210 624
343 -210 624
343 -210 615
338 -210 615
338 -202 616
345 -202 616
345 -196 619
353 -196 619
353 -192 619
352 -192 617
352 -183 617
352 -183 616
359 -182 616
359 -182 616
361 -182 616
361 -172 615
359 -172 615
359 -166 615
362 -166 611
362 -163 611
365 -163 614
365 -158 614
365 -158 612
360 -155 612
360 -155 615
365 -155 615
365 -150 618
368 -150 618
368 -151 618
362 -151 612
362 -146 612
369 -146 619
369 -144 619
369 -144 615
371 -141 615
371 -141 617
362 -141 617
362 -138 614
369 -138 614
369 -139 614
364 -139 618
364 -136 618
361 -136 618
361 -130 618
361 -130 617
369 -6 617
369 -6 619
365 -6 619
365 -120 619
365 -120 617
369 -119 617
369 -119 613
375 -117 613
375 -117 617
371 -117 617
371 -105 615
378 -105 615
378 -105 615
381 -105 617
381 -96 617
381 -96 617
376 -88 617
376 -88 617
381 -88 617
381 -90 617
380 -90 618
380 -82 618
380 -82 616
376 -77 616
376 -77 615
384 -77 615
384 -79 615
378 -79 617
378 -75 617
378 -75 609
380 -75 609
380 -70 615
384 -70 615
384 -72 615
384 -72 618
380 -64 618
380 -64 615
382 -64 615
382 -65 618
383 -65 618
383 -64 618
383 -64 616
380 -56 616
380 -56 616
380 -56 616
380 -56 616
383 -56 618
383 -54 618
383 -54 616
375 -54 616
375 -44 615
379 -44 615
379 -44 615
379 -44 615
382 -37 615
382 -37 616
379 -37 616
379 -29 616
381 -29 617
381 -33 617
381 -33 618
385 -23 618
385 -23 615
380 -23 615
380 -16 615
382 -16 617
382 -19 617
382 -19 618
381 -19 618
381 -14 616
374 -14 616
374 -9 616
374 -9 619
379 -10 619
379 -10 620
374 -10 620
374 -2 620
374 -2 617
372 0 617
372 0 621
376 0 621
376 1 621
376 1 620
377 1 620
377 8 620
377 8 618
372 8 618
372 11 618
372 11 619
380 11 619
380 11 618
376 11 618
376 18 618
376 18 618
371 25 618
371 25 620
372 25 620
372 30 620
372 30 618
372 30 618
372 41 618
367 41 619
367 43 619
367 43 618
374 43 618
374 43 618
374 43 617
372 51 617
372 51 616
369 51 616
369 57 616
369 57 616
376 58 616
376 58 620
370 58 620
370 66 620
370 66 619
368 66 619
368 65 619
374 65 613
374 67 613
374 67 615
367 67 615
367 74 615
367 74 617
365 74 617
365 74 617
368 74 617
368 81 617
368 81 612
362 87 612
362 87 610
363 87 610
363 84 610
363 84 611
369 84 611
369 90 613
362 90 613
362 94 613
362 94 614
364 94 614
364 95 614
367 95 613
367 101 613
367 101 614
358 101 614
358 105 614
364 105 614
364 108 614
364 108 613
358 115 613
358 115 617
355 115 617
355 120 617
359 120 612
359 120 612
359 120 612
355 120 612
355 130 614
351 130 614
351 125 614
351 125 609
355 131 609
355 131 606
352 131 606
352 137 614
350 137 614
350 135 614
350 135 617
355 139 617
355 139 615
345 139 615
345 146 615
345 146 618
345 143 618
345 143 611
344 149 611
344 149 612
336 149 612
336 154 612
336 154 614
338 154 614
338 154 618
340 154 618
340 159 615
334 159 615
334 159 615
334 159 615
338 165 615
338 165 615
334 165 615
334 171 615
326 171 612
326 172 612
326 172 613
331 173 613
331 173 615
326 173 615
326 181 615
319 181 616
319 183 616
319 183 614
320 183 614
320 187 614
314 187 614
314 191 614
314 191 617
311 195 617
311 195 618
315 195 618
315 193 618
311 193 613
311 198 613
311 198 618
309 196 618
309 196 618
310 196 618
310 204 618
303 204 617
303 209 617
303 209 617
301 209 617
301 213 618
301 213 618
301 220 618
301 220 614
292 225 614
292 225 613
291 225 613
291 226 613
292 226 615
292 234 615
292 234 616
283 243 616
283 243 618
285 243 618
285 244 618
286 244 615
286 250 615
286 250 613
278 250 613
278 254 615
280 254 615
280 254 615
280 254 612
276 261 612
276 261 610
266 261 610
266 263 615
270 263 615
270 262 615
270 262 611
266 272 611
266 272 616
258 272 616
258 276 616
261 276 611
261 271 611
261 271 614
256 271 614
256 280 608
253 280 608
253 280 608
253 280 608
260 279 608
260 279 613
253 279 613
253 287 611
251 287 611
251 286 611
251 286 612
253 285 612
253 285 614
244 285 614
244 292 614
243 292 611
243 293 611
243 293 611
242 293 611
242 299 611
237 299 611
237 304 611
236 304 609
236 302 609
236 302 610
237 302 610
237 305 609
228 305 609
228 308 609
228 308 610
228 307 610
228 307 611
228 307 611
228 312 611
218 312 611
218 310 611
218 310 611
219 317 611
219 317 612
216 317 612
216 315 612
205 315 611
205 323 611
205 323 611
209 323 611
209 324 613
205 324 613
205 330 613
205 330 605
199 329 605
199 329 606
203 329 606
203 331 606
196 331 603
196 336 603
196 336 604
193 333 604
193 333 606
192 333 606
192 334 606
185 334 613
185 343 613
185 343 608
178 343 608
178 343 609
181 343 609
181 342 609
181 342 608
172 348 608
172 348 609
171 348 609
171 344 609
174 344 609
174 355 609
174 355 604
165 352 604
165 352 607
165 352 607
165 355 607
164 355 605
164 351 605
164 351 611
153 351 611
153 361 604
158 361 604
158 358 604
158 358 612
153 361 612
153 361 609
143 361 609
143 365 607
144 365 607
144 365 607
144 365 612
134 373 612
134 373 604
131 373 604
131 371 604
132 371 603
132 375 603
132 375 603
123 378 603
123 378 604
122 378 604
122 376 604
124 376 606
124 375 606
124 375 609
113 375 609
113 376 602
115 376 602
115 378 602
115 378 608
111 379 608
111 379 609
104 379 609
104 389 609
107 389 609
107 382 609
107 382 608
100 387 608
100 387 600
96 387 600
96 387 600
96 387 606
95 384 606
95 384 607
94 384 607
94 387 607
94 387 603
84 387 603
84 386 604
86 386 604
86 383 604
86 383 606
79 383 606
79 391 606
72 391 603
72 389 603
72 389 607
72 389 607
72 393 607
72 393 604
64 400 604
64 400 604
59 400 604
59 400 604
59 400 605
61 400 605
61 399 604
56 399 604
56 399 604
56 399 603
50 399 603
50 398 603
53 398 601
53 396 601
53 396 610
45 396 610
45 403 610
45 403 606
41 399 606
41 399 605
41 399 605
41 400 605
41 400 610
32 400 610
32 404 604
30 404 604
30 404 604
30 404 605
29 404 605
29 404 605
22 404 603
22 413 603
22 413 606
18 413 606
18 409 606
18 409 605
19 405 605
19 405 603
12 405 603
12 407 603
12 407 602
8 404 602
8 404 603
9 404 603
9 408 603
9 408 601
1 408 601
1 411 601
1 411 606
-5 411 606
-5 409 606
-5 409 602
-2 412 602
-2 412 603
-11 412 603
-11 411 603
-11 411 604
-12 413 604
-12 413 602
-13 413 602
-13 417 602
-24 417 602
-24 415 602
-24 415 601
-21 413 601
-21 413 604
-29 413 604
-29 412 604
-37 412 601
-37 411 601
-37 411 600
-32 411 600
-32 404 599
-43 404 599
-43 414 599
-43 414 600
-45 408 600
-45 408 600
-46 408 600
-46 413 599
-57 413 599
-57 419 599
-57 419 604
-55 411 604
-55 411 600
-56 411 600
-56 411 600
-65 411 601
-65 412 601
-65 412 600
-66 412 600
-66 405 600
-69 405 600
-69 406 600
-69 406 601
-76 408 601
-76 408 599
-74 408 599
-74 402 598
-80 402 598
-80 406 598
-80 406 605
-85 410 605
-85 410 597
-84 410 597
-84 405 597
-91 405 601
-91 409 601
-91 409 601
-98 409 601
-98 410 600
-97 410 600
-97 403 600
-101 403 602
-101 409 602
-101 409 597
-107 401 597
-107 401 601
-105 401 601
-105 398 600
-113 398 600
-113 402 600
-117 402 600
-117 397 600
-118 397 598
-118 395 598
-118 395 601
-125 403 601
-125 403 601
-127 403 601
-127 399 598
-127 399 598
-127 397 598
-136 397 597
-136 399 597
-136 399 600
-137 392 600
-137 392 599
-139 394 599
-139 394 594
-147 394 594
-147 391 597
-147 391 597
-147 381 597
-153 381 602
-153 387 602
-153 387 598
-159 383 598
-159 383 596
-159 385 596
-159 385 594
-165 385 594
-165 386 597
-168 386 597
-168 381 597
-170 381 598
-170 380 598
-170 380 601
-177 386 601
-177 386 599
-177 370 599
-177 370 598
-183 370 598
-183 376 599
-185 376 599
-185 370 599
-186 370 596
-186 368 596
-186 368 597
-193 372 597
-193 372 596
-196 370 596
-196 370 597
-195 370 597
-195 368 599
-204 368 599
-204 370 599
-202 370 596
-202 368 596
-202 368 601
-207 360 601
-207 360 596
-215 363 596
-215 363 603
-210 363 603
-210 352 595
-217 352 595
-217 357 595
-224 357 598
-224 348 598
-224 348 593
-223 349 593
-223 349 599
-229 349 599
-229 349 597
-233 349 597
-233 345 597
-230 345 597
-230 347 597
-239 347 598
-239 348 598
-239 348 599
-241 345 599
-241 345 596
-238 340 596
-238 340 599
-251 340 599
-251 340 596
-251 340 596
-251 333 596
-250 333 599
-250 326 599
-250 326 598
-259 330 598
-259 330 597
-255 324 597
-255 324 598
-258 324 598
-258 326 596
-267 326 596
-267 322 596
-264 322 598
-264 322 598
-264 322 601
-270 317 601
-270 317 597
-278 321 597
-278 321 597
-274 321 597
-274 312 593
-283 312 593
-283 309 593
-287 309 597
-287 310 597
-287 310 593
-284 301 593
-284 301 601
-290 302 601
-290 302 594
-293 302 594
-293 298 595
-289 298 595
-289 291 595
-302 291 599
-302 294 599
-302 294 596
-301 290 596
-301 290 595
-301 290 595
-301 286 596
-310 286 596
-310 285 590
-309 285 590
-309 280 590
-306 280 598
-306 278 598
-306 278 596
-319 281 596
-319 281 595
-314 281 595
-314 272 593
-317 272 593
-317 277 595
-323 277 595
-323 269 595
-321 269 592
-321 266 592
-321 266 594
-326 264 594
-326 264 594
-333 264 594
-333 261 593
-330 261 593
-330 253 591
-336 253 591
-336 252 591
-343 252 593
-343 250 593
-343 250 593
-337 245 593
-337 245 594
-345 245 594
-345 246 592
-346 246 592
-346 239 591
-344 239 591
-344 239 591
-348 239 593
-348 240 593
-348 240 590
-352 234 590
-352 234 588
-348 234 588
-348 233 598
-358 233 598
-358 228 594
-361 228 594
-361 217 594
-359 217 594
-359 219 594
-359 219 592
-367 217 592
-367 217 589
-367 217 589
-367 209 592
-363 209 592
-363 208 589
-373 208 589
-373 208 589
-370 208 587
-370 199 587
-370 199 591
-368 200 591
-368 200 590
-377 200 590
-377 199 590
-375 199 590
-375 191 590
-379 191 590
-379 190 590
-388 190 588
-388 184 588
-388 184 592
-382 179 592
-382 179 586
-383 179 586
-383 174 587
-389 174 587
-389 174 587
-383 174 590
-383 163 590
-390 163 584
-390 169 584
-390 169 588
-393 161 588
-393 161 589
-389 161 589
-389 159 588
-395 159 588
-395 158 588
-398 158 587
-398 152 587
-394 152 591
-394 142 591
-394 142 590
-404 142 590
-404 142 587
-401 142 587
-401 138 585
-399 138 585
-399 135 585
-406 135 581
-406 131 581
-401 131 584
-401 120 584
-401 120 587
-405 127 587
-405 127 589
-409 127 589
-409 121 589
-407 121 589
-407 115 589
-410 115 591
-410 115 591
-415 115 587
-415 107 587
-415 107 585
-411 101 585
-411 101 591
-417 101 591
-417 95 586
-417 95 586
-417 95 586
-413 95 586
-413 91 586
-413 91 588
-421 91 588
-421 87 586
-413 87 586
-413 79 586
-413 79 585
-417 78 585
-417 78 587
-420 78 587
-420 68 587
-417 68 586
-417 65 586
-417 65 589
-423 68 589
-423 68 584
-426 68 584
-426 60 584
-420 60 584
-420 58 584
-420 58 585
-429 58 585
-429 57 581
-425 57 581
-425 47 581
-425 47 579
-424 51 579
-424 51 581
-427 51 581
-427 43 583
-420 43 583
-420 35 583
-420 35 581
-428 34 581
-428 34 581
-425 34 581
-425 28 581
-424 28 590
-424 21 590
-424 21 587
-430 21 587
-430 20 583
-426 20 583
-426 10 583
-426 10 583
-427 11 583
-427 11 589
-430 11 589
-430 7 586
-424 7 586
-424 -2 586
-424 -2 583
-427 -2 583
-427 3 583
-426 3 583
-426 -4 583
-426 -4 584
-423 -7 584
-423 -7 583
-429 -7 583
-429 -3 583
-430 -3 587
-430 -13 587
-430 -13 587
-428 -21 587
-428 -21 588
-431 -21 588
-431 -19 582
-428 -19 582
-428 -23 582
-425 -23 582
-425 -34 582
-429 -34 582
-429 -32 582
-429 -32 581
-425 -42 581
-425 -42 586
-424 -42 586
-424 -42 586
-428 -42 586
-428 -39 586
-426 -39 580
-426 -48 580
-430 -48 589
-430 -45 589
-430 -45 584
-433 -49 584
-433 -49 584
-429 -49 584
-429 -56 586
-433 -56 586
-433 -60 586
-430 -60 583
-430 -63 583
-422 -63 584
-422 -75 584
-422 -75 584
-426 -76 584
-426 -76 582
-422 -76 582
-422 -85 581
-416 -85 581
-416 -89 581
-423 -89 586
-423 -92 586
-419 -92 582
-419 -99 582
-419 -99 590
-418 -102 590
-418 -102 587
-424 -99 587
-424 -99 587
-418 -99 587
-418 -110 582
-420 -110 582
-420 -102 585
-423 -102 585
-423 -106 585
-412 -106 584
-412 -115 584
-420 -115 588
-420 -109 588
-416 -109 585
-416 -119 585
-412 -119 586
-412 -124 586
-417 -124 586
-417 -120 586
-410 -120 587
-410 -132 587
-410 -132 587
-412 -137 587
-412 -137 586
-414 -142 586
-414 -142 586
-408 -147 586
-408 -147 587
-408 -144 587
-408 -144 584
-409 -149 584
-409 -149 584
-402 -157 584
-402 -157 583
-403 -157 583
-403 -157 590
-403 -157 590
-403 -163 587
-399 -163 587
-399 -166 591
-400 -166 591
-400 -168 591
-400 -168 591
-400 -174 589
-395 -174 589
-395 -176 589
-397 -176 589
-397 -179 589
-392 -179 592
-392 -186 592
-388 -186 593
-388 -187 593
-388 -187 592
-388 -189 592
-384 -189 587
-384 -200 587
-383 -200 589
-383 -198 589
-383 -198 585
-383 -203 585
-383 -203 590
-378 -205 590
-378 -205 592
-383 -209 592
-383 -209 586
-383 -209 586
-383 -209 591
-379 -214 591
-379 -214 588
-381 -212 588
-381 -212 587
-374 -223 587
-374 -223 590
-375 -223 590
-375 -221 593
-372 -221 593
-372 -228 586
-365 -228 586
-365 -239 586
-368 -239 586
-368 -234 590
-362 -234 590
-362 -243 590
-360 -243 590
-360 -247 590
-363 -247 584
-363 -251 584
-355 -251 588
-355 -254 588
-356 -254 587
-356 -255 587
-356 -255 592
-356 -262 592
-346 -262 588
-346 -264 588
-351 -264 584
-351 -265 584
-351 -265 588
-345 -269 588
-345 -269 590
-343 -270 590
-343 -270 595
-344 -277 595
-344 -277 593
-337 -282 593
-337 -282 593
-337 -279 593
-337 -279 593
-334 -291 593
-334 -291 592
-328 -291 592
-328 -291 585
-316 -303 594
-316 -308 594
-317 -308 594
-317 -311 594
-320 -311 594
-320 -314 594
-310 -314 590
-310 -312 590
-313 -312 592
-313 -314 592
-308 -314 593
-308 -321 593
-301 -321 594
-301 -325 594
-303 -325 591
-303 -326 591
-303 -326 590
-295 -331 590
-295 -331 588
-289 -333 588
-289 -333 598
-289 -336 598
-289 -336 591
-280 -347 591
-280 -347 595
-277 -343 595
-277 -343 597
-280 -349 597
-280 -349 600
-272 -349 600
-272 -348 599
-270 -348 599
-270 -347 594
-271 -347 594
-271 -352 597
-261 -352 597
-261 -354 595
-263 -354 595
-263 -357 596
-260 -357 596
-260 -362 596
-253 -362 596
-253 -362 596
-257 -362 595
-257 -362 595
-254 -362 593
-254 -366 593
-248 -366 595
-248 -370 595
-250 -370 598
-250 -366 598
-242 -366 598
-242 -377 598
-242 -377 595
-240 -372 595
-240 -372 599
-237 -372 599
-237 -372 598
-229 -383 598
-229 -383 598
-226 -383 598
-226 -383 595
-226 -389 595
-226 -389 594
-217 -394 594
-217 -394 598
-219 -392 598
-219 -392 595
-217 -392 595
-217 -394 604
-210 -394 604
-210 -395 600
-214 -395 600
-214 -390 600
-206 -390 600
-206 -395 600
-201 -395 600
-201 -394 597
-200 -394 597
-200 -401 597
-193 -401 595
-193 -406 595
-189 -406 597
-189 -405 597
-190 -405 603
-190 -412 603
-181 -412 597
-181 -417 597
-182 -417 602
-182 -416 602
-179 -416 603
-179 -423 603
-179 -423 599
-173 -418 599
-173 -418 600
-176 -411 600
-176 -411 600
-171 -423 600
-171 -423 598
-164 -422 598
-164 -422 601
-167 -422 601
-167 -422 598
-156 -426 598
-156 -426 603
-153 -426 603
-153 -426 600
-153 -426 600
-153 -427 601
-143 -427 601
-143 -433 600
-142 -433 600
-142 -431 605
-138 -431 605
-138 -433 599
-131 -433 599
-131 -430 606
-132 -430 606
-132 -430 606
-126 -430 600
-126 -430 600
-123 -430 603
-123 -428 603
-123 -428 602
-123 -432 602
-116 -432 602
-116 -434 602
-119 -434 604
-119 -430 604
-112 -430 604
-112 -436 604
-112 -436 603
-100 -433 604
-100 -433 605
-90 -437 605
-90 -437 602
-87 -437 602
-87 -435 604
-84 -435 604
-84 -437 604
-77 -437 604
-77 -442 604
-77 -442 604
-75 -439 604
-75 -439 604
-72 -441 604
-72 -441 600
-63 -441 600
-63 -444 607
-62 -444 607
-62 -439 607
-61 -439 607
-61 -440 607
-61 -440 608
-54 -442 608
-54 -442 610
-52 -439 610
-52 -439 610
-51 -439 610
-51 -437 606
-42 -437 606
-42 -439 606
-39 -439 606
-39 -441 606
-39 -441 606
-38 -441 606
-38 -441 606
-31 -444 606
-31 -444 608
-27 -444 608
-27 -444 606
-29 -444 606
-29 -444 606
-22 -444 604
-22 -443 604
-22 -443 610
-17 -442 610
-17 -442 608
-19 -436 608
-19 -436 607
-10 -436 607
-10 -440 610
-9 -440 610
-9 -442 610
-9 -442 609
-9 -441 609
-9 -441 607
-2 -441 607
-2 -444 610
7 -444 610
7 -441 610
7 -441 609
6 -441 609
6 -441 604
16 -441 604
16 -446 604
16 -446 607
23 -441 607
23 -441 607
20 -441 607
20 -436 607
32 -436 608
32 -440 608
32 -440 609
34 -440 609
34 -440 610
33 -440 610
33 -435 610
33 -435 608
41 -441 608
41 -441 608
42 -441 608
42 -437 608
43 -437 611
43 -441 611
43 -441 611
51 -442 611
51 -442 608
50 -442 608
50 -437 608
52 -437 609
52 -438 609
52 -438 608
61 -438 608
61 -436 614
60 -436 614
60 -434 614
60 -434 612
64 -435 612
64 -435 613
72 -435 613
72 -433 612
72 -433 612
72 -431 612
72 -431 608
75 -435 608
75 -435 613
85 -435 613
85 -434 613
83 -434 612
83 -435 612
83 -435 608
91 -435 608
91 -435 614
96 -435 614
96 -431 614
95 -431 610
95 -431 610
95 -431 617
102 -431 617
102 -430 612
108 -430 612
108 -429 612
107 -429 611
107 -426 611
115 -426 613
115 -429 613
115 -429 613
115 -427 613
115 -427 612
122 -427 612
122 -429 614
130 -429 614
130 -430 614
127 -430 612
127 -425 612
136 -425 613
136 -427 613
136 -427 613
136 -417 613
136 -417 614
137 -417 614
137 -419 615
146 -419 615
146 -419 615
144 -419 614
144 -415 614
149 -415 612
149 -419 612
149 -419 616
156 -420 616
156 -420 615
158 -420 615
158 -405 612
162 -405 612
162 -409 612
171 -409 617
171 -406 617
168 -406 610
168 -399 610
168 -399 610
176 -400 610
176 -400 613
178 -400 613
178 -394 615
177 -394 615
177 -391 615
183 -391 621
183 -394 621
181 -394 613
181 -391 613
181 -391 619
184 -387 619
184 -387 616
188 -387 616
188 -394 613
191 -394 613
191 -384 613
191 -384 612
191 -386 612
200 -386 621
200 -383 621
200 -383 617
201 -378 617
201 -378 615
203 -378 615
203 -374 617
212 -374 617
212 -374 617
209 -374 614
209 -369 614
214 -369 619
214 -369 619
214 -369 616
219 -369 616
219 -369 618
214 -369 618
214 -362 614
226 -362 614
226 -363 614
227 -363 618
227 -354 618
227 -354 617
227 -349 617
227 -349 618
235 -352 618
235 -352 620
238 -352 620
238 -347 617
237 -347 617
237 -342 617
245 -342 617
245 -346 617
245 -346 621
246 -340 621
246 -340 617
245 -338 617
245 -338 617
255 -338 617
255 -338 614
255 -338 614
255 -332 614
258 -332 613
258 -331 613
258 -331 615
269 -325 615
269 -325 611
268 -319 611
268 -319 610
277 -319 610
277 -313 620
283 -313 620
283 -310 620
278 -310 614
278 -309 614
284 -309 615
284 -308 615
284 -308 616
285 -305 616
285 -305 617
280 -305 617
280 -300 620
286 -300 620
286 -306 620
286 -306 619
286 -305 619
286 -305 616
279 -300 616
279 -300 612
288 -304 612
288 -304 615
284 -304 615
284 -297 617
285 -297 617
285 -296 617
288 -296 613
288 -298 613
288 -298 619
287 -292 619
287 -292 615
288 -293 615
288 -293 616
288 -293 616
288 -288 618
296 -288 618
296 -279 618
297 -279 617
297 -276 617
