0 0 0
1 0 0
2 0 0
3 0 0
4 0 0
5 0 0
6 0 0
7 0 0
8 0 0
9 0 0
10 0 0
11 0 0
12 0 0
13 0 0
14 0 0
15 0 0
16 0 0
17 0 0
18 0 0
19 0 0
20 0 0
21 0 0
22 0 0
23 0 0
24 0 0
25 0 1
26 0 0
27 0 1
28 0 1
29 0 0
30 0 0
31 0 0
32 0 0
33 0 0
34 0 1
35 0 0
36 0 0
37 0 0
38 0 1
39 0 0
40 1 1
41 0 1
42 1 3
43 0 4
44 0 6
45 0 5
46 0 5
47 0 6
48 1 6
49 0 7
50 0 9
51 0 10
52 0 12
53 1 14
54 0 15
55 0 16
56 1 16
57 0 17
58 0 19
59 1 20
60 0 21
61 1 21
62 3 22
63 4 24
64 8 24
65 11 25
66 12 26
67 14 27
68 16 28
69 17 29
70 19 30
71 20 30
72 22 33
73 22 32
74 23 33
75 25 34
76 26 35
77 28 38
78 27 39
79 29 28
80 29 37
81 30 37
82 32 28
83 33 40
84 35 46
85 35 44
86 36 48
87 37 49
88 38 48
89 39 49
90 38 49
91 36 50
92 39 52
93 44 52
94 44 53
95 45 53
96 46 52
97 48 55
98 46 53
99 43 54
100 47 56
101 52 56
102 54 59
103 51 58
104 49 60
105 49 61
106 48 63
107 55 51
108 53 66
109 53 67
110 54 68
111 56 69
112 59 71
113 59 69
114 60 70
115 61 71
116 62 72
117 63 73
118 59 71
119 59 70
120 67 71
121 68 72
122 71 75
123 67 74
124 63 74
125 66 78
126 71 80
127 73 59
128 70 73
129 65 84
130 70 84
131 73 84
132 74 87
133 71 85
134 76 86
135 77 85
136 78 85
137 82 88
138 76 84
139 72 86
140 83 86
141 85 87
142 84 91
143 82 76
144 84 89
145 85 91
146 85 98
147 79 97
148 78 97
149 84 96
150 86 97
151 90 99
152 90 95
153 91 95
154 91 96
155 89 96
156 96 102
157 96 102
158 94 84
159 92 105
160 97 107
161 95 108
162 90 107
163 90 107
164 96 108
165 101 108
166 99 106
167 102 105
168 103 106
169 102 108
170 101 112
171 107 94
172 104 117
173 103 118
174 111 122
175 104 117
176 100 116
177 104 114
178 110 116
179 111 114
180 113 117
181 111 111
182 112 119
183 115 126
184 117 126
185 118 128
186 107 123
187 110 120
188 112 120
189 118 122
190 119 126
191 117 115
192 123 137
193 123 132
194 123 130
195 118 129
196 115 127
197 118 125
198 124 127
199 130 137
200 125 133
201 130 140
202 125 139
203 133 141
204 126 135
205 123 132
206 126 133
207 131 138
208 134 126
209 132 145
210 136 149
211 136 142
212 134 141
213 127 138
214 133 139
215 134 143
216 138 132
217 145 156
218 139 151
219 142 149
220 142 147
221 136 143
222 138 144
223 142 149
224 149 146
225 146 157
226 149 156
227 143 153
228 148 154
229 141 148
230 140 150
231 148 157
232 149 157
233 147 162
234 151 160
235 159 162
236 152 153
237 144 154
238 151 162
239 154 155
240 156 168
241 159 165
242 160 168
243 157 158
244 151 159
245 153 161
246 160 155
247 163 173
248 163 169
249 168 173
250 165 163
251 156 163
252 156 172
253 168 177
254 168 178
255 167 175
256 168 171
257 169 168
258 162 171
259 164 147
260 177 189
261 175 182
262 172 178
263 174 172
264 169 172
265 167 180
266 173 183
267 183 193
268 177 183
269 175 179
270 179 175
271 170 177
272 173 162
273 180 193
274 188 193
275 183 184
276 181 180
277 176 184
278 187 186
279 184 194
280 187 193
281 188 188
282 184 184
283 181 187
284 183 160
285 192 206
286 191 196
287 194 193
288 189 188
289 187 192
290 185 182
291 195 204
292 204 207
293 198 195
294 193 192
295 191 191
296 190 196
297 202 210
298 204 205
299 205 204
300 199 196
301 191 197
302 199 209
303 211 218
304 203 205
305 205 199
306 200 204
307 195 159
308 205 217
309 213 213
310 213 211
311 207 203
312 199 213
313 206 218
314 216 219
315 212 213
316 210 206
317 212 213
318 206 219
319 213 224
320 216 219
321 216 211
322 213 215
323 207 154
324 224 236
325 226 224
326 222 217
327 216 216
328 219 230
329 221 232
330 229 229
331 222 220
332 222 220
333 219 216
334 225 236
335 239 239
336 228 224
337 222 223
338 222 148
339 223 241
340 235 235
341 231 227
342 233 232
343 224 230
344 233 244
345 241 239
346 236 229
347 232 231
348 227 136
349 246 255
350 244 241
351 239 232
352 234 237
353 240 249
354 242 250
355 247 243
356 242 235
357 233 234
358 239 254
359 249 250
360 252 248
361 241 239
362 236 250
363 245 258
364 253 251
365 248 241
366 241 243
367 254 271
368 257 259
369 255 249
370 249 246
371 245 259
372 256 265
373 265 260
374 264 256
375 250 249
376 252 263
377 264 264
378 266 262
379 255 251
380 250 262
381 265 272
382 268 263
383 263 253
384 255 260
385 268 284
386 268 270
387 266 257
388 259 261
389 261 276
390 275 275
391 270 265
392 268 268
393 261 277
394 275 280
395 276 271
396 264 263
397 266 273
398 276 284
399 287 283
400 272 264
401 264 273
402 277 289
403 293 290
404 273 269
405 269 273
406 283 292
407 290 286
408 279 273
409 275 279
410 294 303
411 293 289
412 280 275
413 276 277
414 285 296
415 294 291
416 281 278
417 291 291
418 288 299
419 298 293
420 286 281
421 279 282
422 292 302
423 299 296
424 298 291
425 284 287
426 296 306
427 302 298
428 301 294
429 285 297
430 303 308
431 303 300
432 288 288
433 292 303
434 309 311
435 311 308
436 290 289
437 301 310
438 313 312
439 304 299
440 296 295
441 306 314
442 323 322
443 302 299
444 300 306
445 317 320
446 314 312
447 303 299
448 306 314
449 329 333
450 311 310
451 308 301
452 315 321
453 330 330
454 314 305
455 310 311
456 327 329
457 323 320
458 311 305
459 313 323
460 334 338
461 318 317
462 311 311
463 329 330
464 325 327
465 312 311
466 322 324
467 346 345
468 321 323
469 320 315
470 334 336
471 330 333
472 317 317
473 329 329
474 350 351
475 326 328
476 324 320
477 343 342
478 345 348
479 323 322
480 337 337
481 344 345
482 327 332
483 331 328
484 350 349
485 347 353
486 336 327
487 348 346
488 344 348
489 330 331
490 347 338
491 355 355
492 344 351
493 342 333
494 356 355
495 341 350
496 337 335
497 358 353
498 351 357
499 348 348
500 355 347
501 358 361
502 342 348
503 365 353
504 363 364
505 343 354
506 352 339
507 366 363
508 352 363
509 348 343
510 377 373
511 355 367
512 346 347
513 368 357
514 362 372
515 346 354
516 366 355
517 379 385
518 353 361
519 367 354
520 377 379
521 358 367
522 364 352
523 377 379
524 372 382
525 363 353
526 379 379
527 363 376
528 371 367
529 379 376
530 366 379
531 364 360
532 382 379
533 369 384
534 365 361
535 397 388
536 373 385
537 369 366
538 389 379
539 376 388
540 369 368
541 386 379
542 385 402
543 375 372
544 395 382
545 378 395
546 376 374
547 392 383
548 382 395
549 390 387
550 398 387
551 384 398
552 382 376
553 411 403
554 383 401
555 391 380
556 401 398
557 385 402
558 392 379
559 399 400
560 393 415
561 405 383
562 404 403
563 388 404
564 401 381
565 398 408
566 389 403
567 426 397
568 402 412
569 399 402
570 416 389
571 403 414
572 400 400
573 417 396
574 413 429
575 406 398
576 409 402
577 395 417
578 428 406
579 415 412
580 401 418
581 421 393
582 413 418
583 405 416
584 423 396
585 418 436
586 412 412
587 422 403
588 407 427
589 420 408
590 424 405
591 411 430
592 439 416
593 415 422
594 419 427
595 432 405
596 417 432
597 427 423
598 430 413
599 428 449
600 434 414
601 425 424
602 421 435
603 451 421
604 423 436
605 432 430
606 437 414
607 423 441
608 440 423
609 427 429
610 440 457
611 440 414
612 424 443
613 443 436
614 442 421
615 431 448
616 451 427
617 448 450
618 443 447
619 451 420
620 435 453
621 455 438
622 442 430
623 442 453
624 467 441
625 437 448
626 457 449
627 450 428
628 456 473
629 458 439
630 443 448
631 461 459
632 457 432
633 447 463
634 466 446
635 461 460
636 461 463
637 461 436
638 450 467
639 467 452
640 450 445
641 466 467
642 476 453
643 454 469
644 472 459
645 453 447
646 469 472
647 465 444
648 458 466
649 490 477
650 457 451
651 476 476
652 467 448
653 478 485
654 477 465
655 460 453
656 481 479
657 467 450
658 473 480
659 479 466
660 476 473
661 486 484
662 468 452
663 481 483
664 479 465
665 471 468
666 488 484
667 486 475
668 490 492
669 478 466
670 484 481
671 488 481
672 475 467
673 496 495
674 490 476
675 494 493
676 485 476
677 483 478
678 509 507
679 479 467
680 499 499
681 482 472
682 498 495
683 488 484
684 490 480
685 515 516
686 482 471
687 505 506
688 486 480
689 504 497
690 495 495
691 493 484
692 515 521
693 490 475
694 510 511
695 489 483
696 511 504
697 496 499
698 506 488
699 521 527
700 499 481
701 513 516
702 496 489
703 534 530
704 500 501
705 511 501
706 503 513
707 516 490
708 515 522
709 506 489
710 534 539
711 502 499
712 525 513
713 507 509
714 520 503
715 509 521
716 523 493
717 532 542
718 515 495
719 523 527
720 513 505
721 528 520
722 509 516
723 533 510
724 528 541
725 531 502
726 519 533
727 528 500
728 540 551
729 525 508
730 530 535
731 522 517
732 536 526
733 518 527
734 539 517
735 535 552
736 541 510
737 524 543
738 541 510
739 528 544
740 538 515
741 534 545
742 553 538
743 541 542
744 535 532
745 543 532
746 530 539
747 547 527
748 532 548
749 568 537
750 531 552
751 552 518
752 530 554
753 570 535
754 536 555
755 553 528
756 536 555
757 553 532
758 544 550
759 552 539
760 563 562
761 548 547
762 547 542
763 553 552
764 555 537
765 550 559
766 556 535
767 567 582
768 561 531
769 547 566
770 563 534
771 548 569
772 561 533
773 551 573
774 587 552
775 548 572
776 571 543
777 550 572
778 592 564
779 556 576
780 575 551
781 556 575
782 578 553
783 558 574
784 579 558
785 575 590
786 580 560
787 559 569
788 579 561
789 559 569
790 583 566
791 562 570
792 601 584
793 562 569
794 586 570
795 563 570
796 588 574
797 567 572
798 588 574
799 584 591
800 589 576
801 567 573
802 593 579
803 588 596
804 589 578
805 568 579
806 593 578
807 571 581
808 594 581
809 576 583
810 612 596
811 577 585
812 594 580
813 578 590
814 595 582
815 582 594
816 596 580
817 608 617
818 596 580
819 590 603
820 593 580
821 600 606
822 595 579
823 601 609
824 605 592
825 598 609
826 588 576
827 608 611
828 609 593
829 611 612
830 587 577
831 610 616
832 593 581
833 613 614
834 594 584
835 628 630
836 595 589
837 610 611
838 606 598
839 611 606
840 608 604
841 604 601
842 628 630
843 604 600
844 624 621
845 602 594
846 624 623
847 602 591
848 626 627
849 627 612
850 623 630
851 611 596
852 625 626
853 638 623
854 616 625
855 625 615
856 613 617
857 632 624
858 615 611
859 634 634
860 633 625
861 635 637
862 617 602
863 630 637
864 621 605
865 628 639
866 632 612
867 641 650
868 635 623
869 615 622
870 637 635
871 622 617
872 641 644
873 629 612
874 654 666
875 638 613
876 633 645
877 647 622
878 644 658
879 647 636
880 628 628
881 645 649
882 633 621
883 639 655
884 648 620
885 658 674
886 653 627
887 629 645
888 652 641
889 636 635
890 652 657
891 648 629
892 658 681
893 661 628
894 642 661
895 662 638
896 640 652
897 656 655
898 652 639
899 672 684
900 660 630
901 643 667
902 665 638
903 667 677
904 663 651
905 655 646
906 653 670
907 663 637
908 646 675
909 669 641
910 673 685
911 665 655
912 663 652
913 660 674
914 679 645
915 654 677
916 675 645
917 682 687
918 668 663
919 672 654
920 658 680
921 674 644
922 660 680
923 674 653
924 691 688
925 661 672
926 684 655
927 663 684
928 704 671
929 672 682
930 672 667
931 711 689
932 672 687
933 690 656
934 673 692
935 702 682
936 686 679
937 671 682
938 689 664
939 672 695
940 683 662
941 683 690
942 692 704
943 694 675
944 674 703
945 685 667
946 681 699
947 672 685
948 692 681
949 698 729
950 689 673
951 683 702
952 679 689
953 719 703
954 680 708
955 695 676
956 717 724
957 687 692
958 707 682
959 690 710
960 724 697
961 713 706
962 694 697
963 717 682
964 701 712
965 705 679
966 721 705
967 724 726
968 713 684
969 717 716
970 704 684
971 723 702
972 705 706
973 710 684
974 742 736
975 702 685
976 719 697
977 711 708
978 727 702
979 727 715
980 708 689
981 734 713
982 723 712
983 705 679
984 723 714
985 736 716
986 707 691
987 724 714
988 708 679
989 713 709
990 726 699
991 706 689
992 740 736
993 714 681
994 709 705
995 728 702
996 712 686
997 715 718
998 724 684
999 731 722
1000 722 706
1001 721 680
1002 707 714
1003 721 705
1004 724 683
1005 708 715
1006 720 702
1007 725 686
1008 711 718
1009 719 699
1010 747 707
1011 728 738
1012 717 692
1013 725 691
1014 708 716
1015 714 689
1016 724 692
1017 708 716
1018 718 687
1019 727 698
1020 707 716
1021 714 683
1022 729 700
1023 715 716
0 0 0
-1 0 0
-2 0 0
-3 0 0
-4 0 0
-5 0 0
-6 0 0
-7 0 0
-8 0 0
-9 0 0
-10 0 0
-11 0 0
-12 0 0
-13 0 0
-14 0 0
-15 0 0
-16 0 0
-17 0 0
-18 0 0
-19 0 0
-20 0 0
-21 0 0
-22 0 -1
-23 0 0
-24 0 -1
-25 0 0
-26 0 -2
-27 0 -3
-28 0 -4
-29 0 -4
-30 -1 -7
-31 -1 -8
-32 -2 -9
-33 -2 -9
-34 -4 -11
-35 -3 -11
-36 -4 -11
-37 -2 -8
-38 -2 -6
-39 0 -8
-40 0 -7
-41 -1 -9
-42 -1 -10
-43 -1 -10
-44 -2 -10
-45 -2 -10
-46 -2 -11
-47 -4 -12
-48 -4 -12
-49 -6 -15
-50 -8 -16
-51 -9 -19
-52 -8 -18
-53 -8 -19
-54 -8 -20
-55 -10 -23
-56 -13 -22
-57 -13 -22
-58 -15 -25
-59 -15 -26
-60 -17 -27
-61 -20 -28
-62 -20 -29
-63 -22 -29
-64 -22 -29
-65 -25 -32
-66 -25 -32
-67 -25 -33
-68 -27 -32
-69 -28 -33
-70 -30 -37
-71 -29 -36
-72 -26 -37
-73 -28 -38
-74 -33 -40
-75 -34 -41
-76 -35 -42
-77 -36 -46
-78 -37 -45
-79 -36 -45
-80 -35 -47
-81 -38 -47
-82 -38 -46
-83 -39 -29
-84 -44 -28
-85 -45 -20
-86 -45 -9
-87 -45 -4
-88 -43 -9
-89 -49 -52
-90 -51 -55
-91 -52 -56
-92 -52 -56
-93 -52 -57
-94 -53 -54
-95 -56 -57
-96 -56 -58
-97 -57 -60
-98 -56 -62
-99 -50 -63
-100 -54 -67
-101 -58 -65
-102 -59 -63
-103 -59 -24
-104 -56 -36
-105 -59 -4
-106 -64 -11
-107 -64 -65
-108 -65 -70
-109 -64 -70
-110 -74 -71
-111 -70 -71
-112 -69 -73
-113 -72 -73
-114 -72 -76
-115 -69 -77
-116 -65 -78
-117 -71 -56
-118 -72 -26
-119 -71 -11
-120 -72 -7
-121 -80 -49
-122 -80 -84
-123 -80 -84
-124 -79 -79
-125 -85 -81
-126 -80 -82
-127 -83 -84
-128 -84 -87
-129 -77 -90
-130 -78 -54
-131 -80 -27
-132 -77 -1
-133 -83 -12
-134 -92 -91
-135 -89 -92
-136 -89 -90
-137 -93 -91
-138 -92 -92
-139 -93 -94
-140 -94 -97
-141 -88 -96
-142 -86 -27
-143 -89 -11
-144 -91 -9
-145 -95 -91
-146 -98 -100
-147 -101 -100
-148 -102 -99
-149 -100 -101
-150 -103 -104
-151 -99 -102
-152 -95 -31
-153 -96 -11
-154 -99 -14
-155 -103 -108
-156 -107 -105
-157 -107 -104
-158 -108 -108
-159 -111 -112
-160 -108 -109
-161 -99 -40
-162 -102 1
-163 -106 -36
-164 -113 -118
-165 -113 -111
-166 -116 -113
-167 -120 -120
-168 -118 -121
-169 -111 -51
-170 -110 -24
-171 -116 -18
-172 -115 -121
-173 -119 -117
-174 -122 -119
-175 -122 -123
-176 -124 -127
-177 -117 -43
-178 -119 -13
-179 -120 -52
-180 -121 -125
-181 -126 -120
-182 -133 -129
-183 -129 -130
-184 -128 -113
-185 -124 -37
-186 -124 -8
-187 -125 -132
-188 -132 -128
-189 -133 -129
-190 -133 -134
-191 -135 -135
-192 -125 -48
-193 -131 -4
-194 -133 -135
-195 -137 -134
-196 -138 -135
-197 -143 -145
-198 -141 -141
-199 -130 -31
-200 -133 -7
-201 -136 -143
-202 -145 -140
-203 -140 -140
-204 -147 -145
-205 -143 -91
-206 -133 -23
-207 -139 -63
-208 -144 -147
-209 -147 -141
-210 -151 -148
-211 -152 -153
-212 -145 -44
-213 -148 -9
-214 -150 -157
-215 -152 -145
-216 -157 -151
-217 -158 -162
-218 -148 -57
-219 -145 -6
-220 -148 -143
-221 -154 -151
-222 -158 -155
-223 -161 -162
-224 -156 -69
-225 -153 -4
-226 -149 -139
-227 -158 -155
-228 -167 -160
-229 -166 -172
-230 -160 -56
-231 -157 -4
-232 -160 -160
-233 -163 -159
-234 -177 -170
-235 -164 -173
-236 -159 -40
-237 -162 -40
-238 -171 -175
-239 -171 -164
-240 -172 -174
-241 -177 -121
-242 -162 -8
-243 -165 -150
-244 -174 -168
-245 -182 -179
-246 -180 -181
-247 -169 -36
-248 -170 -72
-249 -179 -182
-250 -178 -175
-251 -181 -184
-252 -182 -65
-253 -171 -13
-254 -176 -183
-255 -182 -176
-256 -190 -192
-257 -184 -100
-258 -177 -8
-259 -181 -188
-260 -192 -185
-261 -191 -189
-262 -189 -113
-263 -183 -8
-264 -187 -197
-265 -192 -184
-266 -191 -194
-267 -197 -113
-268 -181 -8
-269 -185 -195
-270 -195 -188
-271 -201 -205
-272 -194 -84
-273 -186 -24
-274 -190 -197
-275 -204 -201
-276 -200 -204
-277 -196 -48
-278 -191 -99
-279 -203 -202
-280 -204 -200
-281 -201 -193
-282 -200 -23
-283 -196 -199
-284 -206 -197
-285 -207 -210
-286 -205 -96
-287 -193 -32
-288 -200 -207
-289 -211 -207
-290 -210 -213
-291 -205 -33
-292 -202 -185
-293 -217 -211
-294 -212 -217
-295 -213 -87
-296 -204 -61
-297 -216 -218
-298 -217 -214
-299 -217 -189
-300 -216 -17
-301 -209 -219
-302 -221 -213
-303 -221 -226
-304 -219 -39
-305 -213 -179
-306 -220 -213
-307 -230 -234
-308 -222 -65
-309 -214 -120
-310 -220 -218
-311 -228 -227
-312 -227 -116
-313 -214 -91
-314 -226 -227
-315 -230 -228
-316 -228 -136
-317 -225 -61
-318 -224 -225
-319 -233 -231
-320 -233 -154
-321 -224 -41
-322 -226 -230
-323 -239 -234
-324 -244 -166
-325 -225 -47
-326 -229 -232
-327 -240 -236
-328 -235 -145
-329 -228 -72
-330 -231 -232
-331 -243 -241
-332 -242 -128
-333 -234 -111
-334 -236 -235
-335 -245 -248
-336 -244 -56
-337 -241 -178
-338 -243 -237
-339 -249 -253
-340 -252 -35
-341 -239 -243
-342 -247 -243
-343 -251 -238
-344 -245 -16
-345 -241 -249
-346 -253 -250
-347 -260 -158
-348 -244 -99
-349 -245 -246
-350 -258 -258
-351 -255 -56
-352 -246 -200
-353 -256 -250
-354 -270 -264
-355 -256 -23
-356 -250 -259
-357 -262 -260
-358 -261 -151
-359 -251 -151
-360 -252 -253
-361 -266 -271
-362 -261 -84
-363 -254 -264
-364 -264 -263
-365 -268 -188
-366 -257 -239
-367 -262 -259
-368 -273 -275
-369 -267 -252
-370 -260 -267
-371 -269 -271
-372 -271 -148
-373 -263 -278
-374 -268 -265
-375 -284 -265
-376 -271 -280
-377 -266 -268
-378 -288 -289
-379 -274 -157
-380 -265 -276
-381 -286 -285
-382 -282 -209
-383 -270 -285
-384 -282 -281
-385 -286 -262
-386 -278 -251
-387 -273 -274
-388 -288 -287
-389 -281 -104
-390 -272 -279
-391 -287 -288
-392 -284 -143
-393 -275 -288
-394 -283 -285
-395 -294 -171
-396 -282 -260
-397 -283 -283
-398 -301 -241
-399 -287 -216
-400 -286 -283
-401 -306 -287
-402 -289 -295
-403 -282 -285
-404 -306 -311
-405 -295 -249
-406 -286 -289
-407 -309 -313
-408 -296 -211
-409 -285 -292
-410 -302 -307
-411 -301 -157
-412 -288 -295
-413 -304 -306
-414 -304 -171
-415 -292 -301
-416 -300 -308
-417 -306 -187
-418 -293 -303
-419 -304 -309
-420 -310 -218
-421 -298 -305
-422 -308 -311
-423 -307 -271
-424 -307 -315
-425 -310 -314
-426 -313 -319
-427 -308 -315
-428 -306 -316
-429 -313 -322
-430 -311 -316
-431 -318 -320
-432 -318 -331
-433 -302 -308
-434 -322 -324
-435 -322 -328
-436 -306 -309
-437 -322 -327
-438 -320 -332
-439 -314 -313
-440 -326 -330
-441 -318 -332
-442 -314 -315
-443 -331 -333
-444 -331 -342
-445 -318 -321
-446 -332 -323
-447 -328 -339
-448 -325 -329
-449 -334 -320
-450 -327 -332
-451 -331 -333
-452 -333 -347
-453 -330 -333
-454 -335 -338
-455 -335 -346
-456 -335 -334
-457 -339 -340
-458 -332 -341
-459 -329 -333
-460 -343 -343
-461 -329 -335
-462 -338 -342
-463 -343 -288
-464 -328 -331
-465 -341 -348
-466 -342 -348
-467 -335 -334
-468 -349 -345
-469 -338 -345
-470 -351 -355
-471 -350 -274
-472 -335 -339
-473 -363 -363
-474 -350 -344
-475 -339 -340
-476 -368 -263
-477 -347 -353
-478 -349 -352
-479 -367 -261
-480 -338 -343
-481 -355 -344
-482 -352 -364
-483 -343 -346
-484 -358 -227
-485 -350 -352
-486 -355 -360
-487 -360 -295
-488 -344 -347
-489 -362 -298
-490 -350 -362
-491 -354 -361
-492 -365 -265
-493 -361 -363
-494 -366 -365
-495 -358 -370
-496 -371 -373
-497 -371 -252
-498 -356 -357
-499 -380 -370
-500 -364 -376
-501 -360 -362
-502 -385 -265
-503 -357 -362
-504 -373 -373
-505 -369 -383
-506 -364 -366
-507 -380 -258
-508 -360 -366
-509 -372 -376
-510 -374 -386
-511 -365 -369
-512 -382 -270
-513 -366 -367
-514 -381 -372
-515 -376 -386
-516 -384 -388
-517 -385 -275
-518 -366 -370
-519 -399 -318
-520 -375 -385
-521 -377 -383
-522 -397 -298
-523 -371 -373
-524 -391 -250
-525 -385 -392
-526 -384 -386
-527 -387 -380
-528 -375 -381
-529 -392 -260
-530 -374 -379
-531 -396 -330
-532 -383 -393
-533 -384 -392
-534 -395 -307
-535 -379 -383
-536 -399 -246
-537 -381 -386
-538 -397 -386
-539 -405 -416
-540 -387 -396
-541 -401 -272
-542 -397 -398
-543 -404 -270
-544 -388 -392
-545 -414 -396
-546 -397 -407
-547 -395 -402
-548 -421 -321
-549 -393 -393
-550 -410 -264
-551 -392 -395
-552 -408 -342
-553 -398 -408
-554 -401 -408
-555 -407 -369
-556 -392 -401
-557 -415 -276
-558 -396 -399
-559 -414 -265
-560 -400 -403
-561 -410 -389
-562 -419 -429
-563 -408 -415
-564 -415 -355
-565 -416 -420
-566 -422 -274
-567 -401 -404
-568 -437 -292
-569 -405 -410
-570 -421 -354
-571 -423 -431
-572 -419 -423
-573 -422 -419
-574 -413 -419
-575 -430 -289
-576 -413 -412
-577 -432 -286
-578 -411 -412
-579 -431 -263
-580 -412 -416
-581 -429 -358
-582 -424 -428
-583 -427 -428
-584 -420 -436
-585 -438 -443
-586 -433 -367
-587 -424 -426
-588 -445 -304
-589 -421 -421
-590 -439 -292
-591 -433 -436
-592 -441 -290
-593 -423 -425
-594 -458 -315
-595 -428 -431
-596 -445 -396
-597 -427 -438
-598 -442 -440
-599 -437 -447
-600 -441 -443
-601 -440 -416
-602 -441 -440
-603 -446 -357
-604 -441 -436
-605 -450 -305
-606 -441 -435
-607 -451 -291
-608 -454 -447
-609 -455 -288
-610 -440 -434
-611 -471 -309
-612 -442 -436
-613 -457 -293
-614 -453 -451
-615 -461 -283
-616 -442 -443
-617 -480 -320
-618 -444 -445
-619 -467 -351
-620 -449 -448
-621 -469 -401
-622 -448 -451
-623 -467 -411
-624 -447 -454
-625 -473 -433
-626 -452 -460
-627 -471 -441
-628 -454 -461
-629 -472 -441
-630 -456 -465
-631 -487 -460
-632 -452 -464
-633 -471 -451
-634 -467 -480
-635 -474 -453
-636 -452 -467
-637 -491 -451
-638 -458 -467
-639 -478 -433
-640 -475 -479
-641 -478 -422
-642 -461 -466
-643 -482 -396
-644 -466 -467
-645 -480 -376
-646 -468 -466
-647 -482 -356
-648 -470 -466
-649 -482 -336
-650 -476 -465
-651 -479 -322
-652 -477 -466
-653 -476 -316
-654 -499 -483
-655 -481 -320
-656 -487 -469
-657 -493 -329
-658 -491 -472
-659 -475 -320
-660 -509 -488
-661 -477 -321
-662 -497 -478
-663 -487 -383
-664 -498 -485
-665 -478 -437
-666 -497 -490
-667 -478 -491
-668 -499 -480
-669 -488 -490
-670 -497 -416
-671 -494 -485
-672 -487 -342
-673 -502 -483
-674 -490 -315
-675 -504 -481
-676 -486 -331
-677 -523 -500
-678 -484 -346
-679 -511 -490
-680 -509 -404
-681 -508 -499
-682 -498 -485
-683 -515 -498
-684 -504 -497
-685 -499 -407
-686 -531 -510
-687 -496 -342
-688 -517 -493
-689 -496 -338
-690 -518 -496
-691 -504 -343
-692 -515 -505
-693 -509 -441
-694 -512 -506
-695 -521 -510
-696 -501 -425
-697 -524 -503
-698 -501 -344
-699 -523 -499
-700 -511 -344
-701 -522 -505
-702 -518 -379
-703 -524 -531
-704 -528 -512
-705 -511 -458
-706 -549 -526
-707 -510 -348
-708 -527 -505
-709 -536 -367
-710 -521 -511
-711 -532 -399
-712 -529 -531
-713 -534 -523
-714 -516 -409
-715 -533 -512
-716 -526 -359
-717 -529 -514
-718 -537 -370
-719 -523 -527
-720 -545 -503
-721 -524 -456
-722 -538 -522
-723 -530 -355
-724 -528 -517
-725 -542 -371
-726 -541 -544
-727 -543 -494
-728 -528 -478
-729 -555 -541
-730 -543 -361
-731 -531 -523
-732 -566 -378
-733 -530 -536
-734 -547 -532
-735 -561 -440
-736 -539 -528
-737 -551 -373
-738 -533 -529
-739 -557 -405
-740 -541 -539
-741 -543 -538
-742 -553 -370
-743 -535 -530
-744 -559 -378
-745 -548 -543
-746 -554 -531
-747 -560 -439
-748 -540 -537
-749 -583 -395
-750 -549 -543
-751 -555 -462
-752 -581 -499
-753 -546 -542
-754 -573 -373
-755 -570 -558
-756 -558 -416
-757 -566 -541
-758 -564 -564
-759 -569 -379
-760 -555 -545
-761 -555 -413
-762 -568 -544
-763 -553 -553
-764 -573 -386
-765 -564 -548
-766 -559 -406
-767 -575 -544
-768 -559 -556
-769 -568 -381
-770 -567 -550
-771 -559 -444
-772 -601 -507
-773 -567 -557
-774 -570 -388
-775 -598 -576
-776 -558 -506
-777 -583 -449
-778 -590 -577
-779 -569 -389
-780 -597 -569
-781 -595 -585
-782 -575 -391
-783 -591 -561
-784 -577 -415
-785 -588 -542
-786 -582 -567
-787 -577 -393
-788 -593 -568
-789 -578 -515
-790 -581 -438
-791 -592 -566
-792 -578 -388
-793 -588 -571
-794 -595 -575
-795 -599 -418
-796 -597 -572
-797 -590 -505
-798 -598 -444
-799 -603 -570
-800 -588 -400
-801 -602 -581
-802 -606 -580
-803 -590 -403
-804 -604 -597
-805 -597 -550
-806 -588 -399
-807 -605 -580
-808 -599 -433
-809 -588 -512
-810 -611 -581
-811 -602 -408
-812 -597 -590
-813 -611 -590
-814 -598 -420
-815 -598 -588
-816 -618 -572
-817 -601 -416
-818 -616 -604
-819 -618 -485
-820 -600 -457
-821 -624 -606
-822 -615 -425
-823 -601 -537
-824 -631 -608
-825 -617 -424
-826 -601 -591
-827 -632 -613
-828 -618 -434
-829 -605 -601
-830 -618 -603
-831 -623 -460
-832 -606 -600
-833 -617 -596
-834 -620 -456
-835 -609 -602
-836 -623 -563
-837 -627 -450
-838 -611 -603
-839 -623 -536
-840 -632 -447
-841 -633 -622
-842 -616 -522
-843 -625 -441
-844 -625 -622
-845 -620 -497
-846 -627 -452
-847 -632 -625
-848 -628 -485
-849 -632 -438
-850 -637 -628
-851 -626 -491
-852 -634 -447
-853 -620 -610
-854 -629 -496
-855 -647 -440
-856 -629 -613
-857 -625 -521
-858 -644 -436
-859 -632 -617
-860 -626 -549
-861 -645 -435
-862 -641 -620
-863 -629 -580
-864 -661 -462
-865 -645 -624
-866 -626 -626
-867 -658 -468
-868 -660 -631
-869 -644 -631
-870 -657 -477
-871 -653 -621
-872 -642 -628
-873 -658 -470
-874 -658 -569
-875 -656 -625
-876 -645 -476
-877 -651 -488
-878 -661 -630
-879 -643 -534
-880 -647 -456
-881 -661 -633
-882 -650 -615
-883 -644 -471
-884 -662 -634
-885 -665 -639
-886 -647 -462
-887 -675 -587
-888 -674 -635
-889 -657 -475
-890 -668 -477
-891 -666 -639
-892 -674 -578
-893 -680 -482
-894 -658 -646
-895 -676 -647
-896 -684 -482
-897 -657 -573
-898 -670 -643
-899 -677 -498
-900 -660 -465
-901 -663 -648
-902 -684 -642
-903 -674 -467
-904 -659 -628
-905 -672 -648
-906 -684 -473
-907 -670 -481
-908 -666 -650
-909 -685 -612
-910 -707 -489
-911 -670 -648
-912 -672 -655
-913 -709 -492
-914 -682 -473
-915 -669 -655
-916 -700 -640
-917 -693 -470
-918 -679 -628
-919 -691 -676
-920 -687 -478
-921 -695 -479
-922 -683 -662
-923 -676 -667
-924 -692 -482
-925 -699 -566
-926 -687 -664
-927 -679 -545
-928 -699 -488
-929 -704 -661
-930 -687 -667
-931 -688 -480
-932 -701 -475
-933 -722 -690
-934 -685 -664
-935 -686 -482
-936 -727 -566
-937 -700 -669
-938 -684 -584
-939 -707 -522
-940 -706 -648
-941 -706 -676
-942 -710 -550
-943 -687 -497
-944 -702 -675
-945 -709 -682
-946 -692 -522
-947 -689 -500
-948 -708 -684
-949 -707 -684
-950 -701 -519
-951 -701 -506
-952 -710 -681
-953 -719 -684
-954 -707 -515
-955 -703 -508
-956 -711 -684
-957 -733 -687
-958 -725 -521
-959 -734 -535
-960 -718 -685
-961 -732 -689
-962 -755 -537
-963 -724 -512
-964 -718 -677
-965 -752 -712
-966 -734 -530
-967 -731 -511
-968 -741 -677
-969 -723 -691
-970 -728 -556
-971 -737 -513
-972 -728 -650
-973 -719 -688
-974 -727 -587
-975 -740 -520
-976 -737 -624
-977 -720 -689
-978 -723 -601
-979 -730 -517
-980 -741 -601
-981 -734 -690
-982 -742 -641
-983 -724 -500
-984 -736 -568
-985 -763 -712
-986 -730 -660
-987 -715 -513
-988 -746 -537
-989 -736 -692
-990 -739 -685
-991 -747 -533
-992 -725 -518
-993 -730 -696
-994 -741 -700
-995 -737 -508
-996 -725 -509
-997 -721 -692
-998 -736 -697
-999 -737 -533
-1000 -729 -528
-1001 -723 -692
-1002 -722 -691
-1003 -733 -646
-1004 -737 -514
-1005 -759 -538
-1006 -729 -683
-1007 -725 -691
-1008 -723 -655
-1009 -725 -517
-1010 -734 -524
-1011 -741 -681
-1012 -734 -689
-1013 -721 -676
-1014 -738 -553
-1015 -723 -533
-1016 -731 -662
-1017 -740 -690
-1018 -734 -683
-1019 -720 -516
-1020 -720 -516
-1021 -733 -644
-1022 -735 -692
-1023 -761 -710
